INFO: 09/10/2020 08:49:44 Logging test: 0
INFO: 09/10/2020 08:49:44 Logging test: 1
INFO: 09/10/2020 08:49:44 Logging test: 2
INFO: 09/10/2020 08:49:44 Logging test: 3
INFO: 09/10/2020 08:49:44 Logging test: 4
INFO: 09/10/2020 08:49:44 Logging test: 5
INFO: 09/10/2020 08:49:44 Logging test: 6
INFO: 09/10/2020 08:49:44 Logging test: 7
INFO: 09/10/2020 08:49:44 Logging test: 8
INFO: 09/10/2020 08:49:44 Logging test: 9
INFO: 09/10/2020 08:49:44 za duljinu candidate ex4
INFO: 09/10/2020 08:49:44 za broj epoha1
INFO: 09/10/2020 08:49:44 za broj koraka5
INFO: 09/10/2020 08:50:14 Preporuceni put: [(1, 1), (2, 1), (2, 0), (0, 0), (3, 0), (3, 1), (1, 0), (1, 1), (2, 0), (2, 1), (1, 1), (2, 1), (3, 1), (3, 1), (0, 1), (1, 1), (1, 0), (3, 1), (1, 1), (2, 1), (2, 0), (2, 1), (0, 0), (3, 1), (0, 0), (1, 1), (2, 0), (3, 1), (0, 0), (0, 0), (0, 0), (2, 1), (0, 0), (2, 0), (3, 0), (0, 0), (2, 0), (1, 0), (0, 0), (0, 0), (1, 0), (1, 1), (3, 0), (3, 1), (2, 1), (0, 1), (2, 1), (0, 0), (0, 0), (2, 0)]
INFO: 09/10/2020 08:50:14 [0.6766889, 0.64074117, 0.67335707, 0.4610262, 0.6227318, 0.6918502, 0.56589675, 0.613123, 0.65541834, 0.62046677, 0.6408409, 0.6117987, 0.6861455, 0.7214033, 0.70988303, 0.6909417, 0.5655845, 0.6660726, 0.6654663, 0.627015, 0.6624806, 0.6249665, 0.41842884, 0.60290813, 0.40104717, 0.53121376, 0.6150923, 0.68681335, 0.46744657, 0.31795716, 0.24085292, 0.38424212, 0.27149624, 0.48327726, 0.6272415, 0.417067, 0.5610542, 0.47160566, 0.31824657, 0.23986146, 0.28541088, 0.4657163, 0.6195789, 0.6877957, 0.63921005, 0.66411483, 0.6252033, 0.41792592, 0.2914909, 0.49689984]
INFO: 09/10/2020 08:53:28 Broj vjezbi kandidata4
INFO: 09/10/2020 08:53:28 Broj epoha: 5
INFO: 09/10/2020 08:53:28 Broj koraka: 5
INFO: 09/10/2020 08:55:35 Preporuceni put: [(2, 1), (0, 0), (1, 0), (3, 1), (1, 1), (2, 1), (3, 1), (0, 0), (0, 1), (0, 0), (3, 0), (0, 0), (1, 0), (2, 1), (0, 0), (1, 1), (3, 0), (3, 1), (0, 1), (3, 1), (2, 1), (0, 0), (1, 1), (3, 1), (1, 1), (3, 1), (0, 0), (2, 0), (2, 1), (1, 0), (1, 1), (3, 0), (3, 0), (0, 0), (0, 0), (3, 1), (2, 1), (3, 1), (0, 1), (0, 0), (1, 1), (3, 0), (2, 1), (0, 0), (3, 1), (3, 1), (3, 1), (0, 0), (0, 0), (2, 1)]
INFO: 09/10/2020 08:55:35 [0.63990426, 0.43918827, 0.40785766, 0.6000196, 0.6304372, 0.6056433, 0.6833721, 0.4652416, 0.5809064, 0.38607636, 0.5871091, 0.38972595, 0.373039, 0.4623087, 0.31250826, 0.48276055, 0.6277189, 0.69202495, 0.69225967, 0.72418296, 0.6643235, 0.44964844, 0.5563464, 0.6615379, 0.66259813, 0.70992136, 0.48927647, 0.5970253, 0.58562016, 0.48897874, 0.5742028, 0.66814065, 0.7116827, 0.49080002, 0.33187103, 0.5627551, 0.56513023, 0.66445935, 0.6772412, 0.45930982, 0.5604999, 0.6624978, 0.6244729, 0.41762245, 0.60235155, 0.6810843, 0.7183785, 0.49645066, 0.33478498, 0.44294462]
INFO: 09/10/2020 08:58:47 
INFO: 09/10/2020 08:58:47 Broj vjezbi kandidata4
INFO: 09/10/2020 08:58:47 Broj epoha: 5
INFO: 09/10/2020 08:58:47 Broj koraka: 20
INFO: 09/10/2020 08:59:51 Preporuceni put: [(0, 0), (0, 0), (1, 0), (0, 0), (3, 1), (1, 1), (1, 1), (1, 1), (0, 0), (2, 0), (2, 0), (1, 1), (1, 1), (1, 1), (3, 1), (2, 1), (2, 1), (2, 1), (0, 0), (0, 0), (0, 0), (0, 0), (0, 0), (3, 0), (3, 1), (1, 1), (0, 1), (1, 0), (0, 0), (2, 0), (3, 1), (1, 0), (0, 1), (0, 0), (0, 0), (0, 0), (3, 0), (0, 0), (1, 0), (0, 0), (0, 0), (2, 1), (0, 0), (1, 0), (3, 1), (0, 0), (0, 0), (0, 0), (3, 0), (3, 0)]
INFO: 09/10/2020 08:59:51 [0.46841866, 0.32815358, 0.3449248, 0.25623542, 0.5223275, 0.589741, 0.6238307, 0.64203465, 0.43116975, 0.56931186, 0.63327944, 0.64698863, 0.6548523, 0.6594923, 0.70873916, 0.65464175, 0.6204936, 0.59979546, 0.39994943, 0.28242597, 0.22323647, 0.19285363, 0.17644201, 0.46383741, 0.6190195, 0.6374583, 0.6625045, 0.54170215, 0.36019775, 0.5335616, 0.6505447, 0.53245014, 0.61114055, 0.40628266, 0.2846612, 0.22378504, 0.499203, 0.33265707, 0.33945093, 0.24896517, 0.20466435, 0.35703015, 0.25653535, 0.2940487, 0.5393129, 0.35498196, 0.2566783, 0.20858198, 0.48777127, 0.62876916]
INFO: 09/10/2020 09:06:32 
INFO: 09/10/2020 09:06:32 Broj vjezbi kandidata: 4
INFO: 09/10/2020 09:06:32 Broj epoha: 5
INFO: 09/10/2020 09:06:32 Broj koraka: 50
INFO: 09/10/2020 09:07:32 Preporuceni put: [(0, 0), (2, 0), (2, 1), (0, 0), (2, 0), (3, 1), (0, 0), (3, 1), (0, 1), (2, 1), (0, 0), (0, 0), (0, 0), (3, 0), (0, 0), (2, 1), (1, 0), (1, 1), (0, 0), (3, 0), (1, 1), (0, 0), (3, 0), (2, 1), (0, 0), (0, 0), (0, 0), (0, 0), (0, 0), (0, 0), (1, 0), (1, 0), (0, 0), (3, 0), (3, 1), (0, 0), (1, 1), (0, 1), (0, 0), (3, 1), (1, 1), (2, 1), (0, 0), (0, 0), (1, 0), (1, 1), (0, 0), (0, 0), (3, 1), (1, 1)]
INFO: 09/10/2020 09:07:32 [0.46841866, 0.59447205, 0.58872527, 0.39528936, 0.5536135, 0.6605125, 0.44565845, 0.614542, 0.651534, 0.6173892, 0.41199523, 0.2883189, 0.22601393, 0.5009934, 0.3339319, 0.44026023, 0.39906192, 0.5278065, 0.3499304, 0.5688658, 0.61247134, 0.40737873, 0.5963813, 0.58425426, 0.38781497, 0.2754045, 0.2192588, 0.19050285, 0.17499384, 0.16623968, 0.23545998, 0.27984452, 0.21778671, 0.49245155, 0.6307745, 0.41837257, 0.53828865, 0.61335135, 0.40753877, 0.5969529, 0.6271805, 0.6025049, 0.40091848, 0.28237978, 0.31201494, 0.48205954, 0.32325682, 0.24192956, 0.5113044, 0.5829135]
INFO: 09/25/2020 02:14:32 
INFO: 09/25/2020 02:14:32 Broj vjezbi kandidata: 4
INFO: 09/25/2020 02:14:32 Broj epoha: 5
INFO: 09/25/2020 02:14:32 Broj koraka: 50
INFO: 09/25/2020 02:15:30 Preporuceni put: [(0, 0), (3, 1), (0, 0), (3, 1), (1, 0), (0, 0), (1, 0), (2, 1), (0, 0), (3, 0), (2, 0), (0, 0), (1, 0), (0, 0), (2, 0), (3, 1), (0, 0), (2, 1), (2, 1), (2, 1), (1, 0), (1, 0), (0, 0), (3, 0), (1, 0), (0, 0), (0, 0), (0, 0), (0, 0), (3, 0), (1, 0), (3, 1), (0, 0), (1, 0), (3, 1), (3, 0), (2, 1), (2, 1), (0, 0), (2, 0), (2, 1), (0, 0), (3, 0), (3, 1), (2, 1), (0, 0), (3, 0), (3, 1), (3, 1), (2, 1)]
INFO: 09/25/2020 02:15:30 [0.29275593, 0.51648426, 0.18998204, 0.4243002, 0.45971137, 0.13974506, 0.25294214, 0.3671679, 0.09236574, 0.41583836, 0.7283666, 0.35534173, 0.3974727, 0.106977224, 0.6387958, 0.6415727, 0.23759428, 0.36555555, 0.43363154, 0.4672388, 0.4420014, 0.42648464, 0.107514456, 0.4318602, 0.42059582, 0.10570495, 0.033431258, 0.015790045, 0.009546668, 0.13109614, 0.18258505, 0.31340587, 0.06355687, 0.12659746, 0.267056, 0.5188423, 0.49122542, 0.4769737, 0.11424032, 0.6257712, 0.5783713, 0.16918807, 0.4906295, 0.5512984, 0.54250395, 0.15790416, 0.4898309, 0.5563753, 0.59501517, 0.57900274]
INFO: 09/25/2020 03:07:05 
INFO: 09/25/2020 03:07:05 Broj vjezbi kandidata: 4
INFO: 09/25/2020 03:07:05 Broj epoha: 5
INFO: 09/25/2020 03:07:05 Broj koraka: 50
INFO: 09/25/2020 03:09:40 Preporuceni put: [(0, 0), (2, 1), (0, 0), (1, 0), (2, 1), (1, 1), (0, 0), (0, 0), (1, 0), (0, 0), (1, 0), (1, 0), (2, 1), (3, 1), (3, 0), (0, 0), (3, 0), (2, 1), (0, 0), (1, 0), (2, 0), (3, 1), (3, 1), (3, 1), (3, 1), (3, 1), (3, 1), (0, 0), (3, 1), (1, 0), (3, 1), (1, 1), (2, 0), (3, 1), (3, 1), (3, 1), (3, 1), (3, 1), (3, 1), (3, 1), (1, 1), (0, 0), (3, 1), (3, 0), (0, 0), (2, 0), (0, 0), (1, 0), (2, 1), (2, 1)]
INFO: 09/25/2020 03:09:40 [0.29275593, 0.46362725, 0.15881681, 0.28988516, 0.4100809, 0.47069517, 0.13894707, 0.04511808, 0.12978551, 0.03724207, 0.10354231, 0.17212068, 0.25992906, 0.3769309, 0.58230835, 0.1642245, 0.47890875, 0.48727846, 0.12622061, 0.21179591, 0.6751104, 0.65592164, 0.65011626, 0.65163344, 0.65644866, 0.66239417, 0.66842675, 0.28504884, 0.4720112, 0.4779274, 0.56464595, 0.56783116, 0.7641134, 0.7392715, 0.7256011, 0.71828437, 0.71473324, 0.7132795, 0.71293116, 0.7131367, 0.693135, 0.35956788, 0.5446084, 0.6970674, 0.35004288, 0.734606, 0.41916963, 0.47579318, 0.5361886, 0.5607085]
